{
 "cells": [
  {
   "cell_type": "code",
   "execution_count": 1,
   "id": "8e399c47-8e9a-4227-b50d-75f00dd6a764",
   "metadata": {},
   "outputs": [],
   "source": [
    "import numpy as np\n",
    "import pandas as pd\n",
    "from matplotlib import pyplot as plt\n",
    "import seaborn as sns\n",
    "from scipy.cluster.hierarchy import dendrogram, linkage"
   ]
  },
  {
   "cell_type": "code",
   "execution_count": 2,
   "id": "d7098ec7-bdc7-4e5c-8dd8-b813ba77ec2c",
   "metadata": {},
   "outputs": [],
   "source": [
    "# Read the training data from the provided CSV file.\n",
    "csv = pd.read_csv('HW_CLUSTERING_SHOPPING_CART_v2215H.csv')"
   ]
  },
  {
   "cell_type": "code",
   "execution_count": 3,
   "id": "fa59f3e4-6405-409f-86df-dc81dcddfc38",
   "metadata": {},
   "outputs": [
    {
     "data": {
      "text/html": [
       "<div>\n",
       "<style scoped>\n",
       "    .dataframe tbody tr th:only-of-type {\n",
       "        vertical-align: middle;\n",
       "    }\n",
       "\n",
       "    .dataframe tbody tr th {\n",
       "        vertical-align: top;\n",
       "    }\n",
       "\n",
       "    .dataframe thead th {\n",
       "        text-align: right;\n",
       "    }\n",
       "</style>\n",
       "<table border=\"1\" class=\"dataframe\">\n",
       "  <thead>\n",
       "    <tr style=\"text-align: right;\">\n",
       "      <th></th>\n",
       "      <th>ID</th>\n",
       "      <th>Milk</th>\n",
       "      <th>ChildBby</th>\n",
       "      <th>Vegges</th>\n",
       "      <th>Cereal</th>\n",
       "      <th>Bread</th>\n",
       "      <th>Rice</th>\n",
       "      <th>Meat</th>\n",
       "      <th>Eggs</th>\n",
       "      <th>YogChs</th>\n",
       "      <th>...</th>\n",
       "      <th>Soda</th>\n",
       "      <th>Fruit</th>\n",
       "      <th>Corn</th>\n",
       "      <th>Fish</th>\n",
       "      <th>Sauce</th>\n",
       "      <th>Beans</th>\n",
       "      <th>Tortya</th>\n",
       "      <th>Salt</th>\n",
       "      <th>Scented</th>\n",
       "      <th>Salza</th>\n",
       "    </tr>\n",
       "  </thead>\n",
       "  <tbody>\n",
       "    <tr>\n",
       "      <th>0</th>\n",
       "      <td>1</td>\n",
       "      <td>7</td>\n",
       "      <td>4</td>\n",
       "      <td>10</td>\n",
       "      <td>4</td>\n",
       "      <td>0</td>\n",
       "      <td>7</td>\n",
       "      <td>4</td>\n",
       "      <td>5</td>\n",
       "      <td>8</td>\n",
       "      <td>...</td>\n",
       "      <td>4</td>\n",
       "      <td>5</td>\n",
       "      <td>5</td>\n",
       "      <td>5</td>\n",
       "      <td>1</td>\n",
       "      <td>6</td>\n",
       "      <td>6</td>\n",
       "      <td>3</td>\n",
       "      <td>2</td>\n",
       "      <td>2</td>\n",
       "    </tr>\n",
       "    <tr>\n",
       "      <th>1</th>\n",
       "      <td>2</td>\n",
       "      <td>4</td>\n",
       "      <td>6</td>\n",
       "      <td>9</td>\n",
       "      <td>6</td>\n",
       "      <td>0</td>\n",
       "      <td>9</td>\n",
       "      <td>1</td>\n",
       "      <td>6</td>\n",
       "      <td>8</td>\n",
       "      <td>...</td>\n",
       "      <td>1</td>\n",
       "      <td>5</td>\n",
       "      <td>3</td>\n",
       "      <td>1</td>\n",
       "      <td>1</td>\n",
       "      <td>5</td>\n",
       "      <td>5</td>\n",
       "      <td>5</td>\n",
       "      <td>0</td>\n",
       "      <td>3</td>\n",
       "    </tr>\n",
       "    <tr>\n",
       "      <th>2</th>\n",
       "      <td>3</td>\n",
       "      <td>3</td>\n",
       "      <td>3</td>\n",
       "      <td>3</td>\n",
       "      <td>7</td>\n",
       "      <td>5</td>\n",
       "      <td>5</td>\n",
       "      <td>9</td>\n",
       "      <td>3</td>\n",
       "      <td>0</td>\n",
       "      <td>...</td>\n",
       "      <td>6</td>\n",
       "      <td>6</td>\n",
       "      <td>9</td>\n",
       "      <td>4</td>\n",
       "      <td>8</td>\n",
       "      <td>3</td>\n",
       "      <td>7</td>\n",
       "      <td>5</td>\n",
       "      <td>5</td>\n",
       "      <td>5</td>\n",
       "    </tr>\n",
       "    <tr>\n",
       "      <th>3</th>\n",
       "      <td>4</td>\n",
       "      <td>1</td>\n",
       "      <td>1</td>\n",
       "      <td>2</td>\n",
       "      <td>10</td>\n",
       "      <td>3</td>\n",
       "      <td>6</td>\n",
       "      <td>8</td>\n",
       "      <td>2</td>\n",
       "      <td>1</td>\n",
       "      <td>...</td>\n",
       "      <td>9</td>\n",
       "      <td>4</td>\n",
       "      <td>9</td>\n",
       "      <td>4</td>\n",
       "      <td>7</td>\n",
       "      <td>3</td>\n",
       "      <td>8</td>\n",
       "      <td>4</td>\n",
       "      <td>8</td>\n",
       "      <td>3</td>\n",
       "    </tr>\n",
       "    <tr>\n",
       "      <th>4</th>\n",
       "      <td>5</td>\n",
       "      <td>2</td>\n",
       "      <td>4</td>\n",
       "      <td>4</td>\n",
       "      <td>8</td>\n",
       "      <td>3</td>\n",
       "      <td>5</td>\n",
       "      <td>9</td>\n",
       "      <td>3</td>\n",
       "      <td>0</td>\n",
       "      <td>...</td>\n",
       "      <td>9</td>\n",
       "      <td>7</td>\n",
       "      <td>8</td>\n",
       "      <td>3</td>\n",
       "      <td>6</td>\n",
       "      <td>5</td>\n",
       "      <td>7</td>\n",
       "      <td>1</td>\n",
       "      <td>3</td>\n",
       "      <td>3</td>\n",
       "    </tr>\n",
       "    <tr>\n",
       "      <th>...</th>\n",
       "      <td>...</td>\n",
       "      <td>...</td>\n",
       "      <td>...</td>\n",
       "      <td>...</td>\n",
       "      <td>...</td>\n",
       "      <td>...</td>\n",
       "      <td>...</td>\n",
       "      <td>...</td>\n",
       "      <td>...</td>\n",
       "      <td>...</td>\n",
       "      <td>...</td>\n",
       "      <td>...</td>\n",
       "      <td>...</td>\n",
       "      <td>...</td>\n",
       "      <td>...</td>\n",
       "      <td>...</td>\n",
       "      <td>...</td>\n",
       "      <td>...</td>\n",
       "      <td>...</td>\n",
       "      <td>...</td>\n",
       "      <td>...</td>\n",
       "    </tr>\n",
       "    <tr>\n",
       "      <th>1195</th>\n",
       "      <td>1196</td>\n",
       "      <td>5</td>\n",
       "      <td>5</td>\n",
       "      <td>3</td>\n",
       "      <td>7</td>\n",
       "      <td>4</td>\n",
       "      <td>6</td>\n",
       "      <td>6</td>\n",
       "      <td>4</td>\n",
       "      <td>7</td>\n",
       "      <td>...</td>\n",
       "      <td>2</td>\n",
       "      <td>3</td>\n",
       "      <td>2</td>\n",
       "      <td>8</td>\n",
       "      <td>2</td>\n",
       "      <td>7</td>\n",
       "      <td>5</td>\n",
       "      <td>4</td>\n",
       "      <td>6</td>\n",
       "      <td>3</td>\n",
       "    </tr>\n",
       "    <tr>\n",
       "      <th>1196</th>\n",
       "      <td>1197</td>\n",
       "      <td>2</td>\n",
       "      <td>2</td>\n",
       "      <td>3</td>\n",
       "      <td>8</td>\n",
       "      <td>2</td>\n",
       "      <td>8</td>\n",
       "      <td>10</td>\n",
       "      <td>5</td>\n",
       "      <td>0</td>\n",
       "      <td>...</td>\n",
       "      <td>9</td>\n",
       "      <td>6</td>\n",
       "      <td>5</td>\n",
       "      <td>2</td>\n",
       "      <td>7</td>\n",
       "      <td>2</td>\n",
       "      <td>8</td>\n",
       "      <td>5</td>\n",
       "      <td>6</td>\n",
       "      <td>5</td>\n",
       "    </tr>\n",
       "    <tr>\n",
       "      <th>1197</th>\n",
       "      <td>1198</td>\n",
       "      <td>3</td>\n",
       "      <td>0</td>\n",
       "      <td>5</td>\n",
       "      <td>6</td>\n",
       "      <td>7</td>\n",
       "      <td>5</td>\n",
       "      <td>4</td>\n",
       "      <td>8</td>\n",
       "      <td>2</td>\n",
       "      <td>...</td>\n",
       "      <td>2</td>\n",
       "      <td>4</td>\n",
       "      <td>5</td>\n",
       "      <td>4</td>\n",
       "      <td>3</td>\n",
       "      <td>6</td>\n",
       "      <td>7</td>\n",
       "      <td>4</td>\n",
       "      <td>5</td>\n",
       "      <td>3</td>\n",
       "    </tr>\n",
       "    <tr>\n",
       "      <th>1198</th>\n",
       "      <td>1199</td>\n",
       "      <td>6</td>\n",
       "      <td>6</td>\n",
       "      <td>8</td>\n",
       "      <td>7</td>\n",
       "      <td>0</td>\n",
       "      <td>8</td>\n",
       "      <td>5</td>\n",
       "      <td>4</td>\n",
       "      <td>8</td>\n",
       "      <td>...</td>\n",
       "      <td>1</td>\n",
       "      <td>5</td>\n",
       "      <td>4</td>\n",
       "      <td>2</td>\n",
       "      <td>4</td>\n",
       "      <td>4</td>\n",
       "      <td>8</td>\n",
       "      <td>8</td>\n",
       "      <td>1</td>\n",
       "      <td>4</td>\n",
       "    </tr>\n",
       "    <tr>\n",
       "      <th>1199</th>\n",
       "      <td>1200</td>\n",
       "      <td>1</td>\n",
       "      <td>4</td>\n",
       "      <td>2</td>\n",
       "      <td>8</td>\n",
       "      <td>3</td>\n",
       "      <td>5</td>\n",
       "      <td>9</td>\n",
       "      <td>2</td>\n",
       "      <td>3</td>\n",
       "      <td>...</td>\n",
       "      <td>8</td>\n",
       "      <td>5</td>\n",
       "      <td>7</td>\n",
       "      <td>2</td>\n",
       "      <td>7</td>\n",
       "      <td>7</td>\n",
       "      <td>9</td>\n",
       "      <td>4</td>\n",
       "      <td>5</td>\n",
       "      <td>5</td>\n",
       "    </tr>\n",
       "  </tbody>\n",
       "</table>\n",
       "<p>1200 rows × 21 columns</p>\n",
       "</div>"
      ],
      "text/plain": [
       "        ID    Milk  ChildBby  Vegges  Cereal   Bread    Rice    Meat    Eggs  \\\n",
       "0        1       7         4      10       4       0       7       4       5   \n",
       "1        2       4         6       9       6       0       9       1       6   \n",
       "2        3       3         3       3       7       5       5       9       3   \n",
       "3        4       1         1       2      10       3       6       8       2   \n",
       "4        5       2         4       4       8       3       5       9       3   \n",
       "...    ...     ...       ...     ...     ...     ...     ...     ...     ...   \n",
       "1195  1196       5         5       3       7       4       6       6       4   \n",
       "1196  1197       2         2       3       8       2       8      10       5   \n",
       "1197  1198       3         0       5       6       7       5       4       8   \n",
       "1198  1199       6         6       8       7       0       8       5       4   \n",
       "1199  1200       1         4       2       8       3       5       9       2   \n",
       "\n",
       "      YogChs  ...    Soda   Fruit    Corn    Fish   Sauce   Beans  Tortya  \\\n",
       "0          8  ...       4       5       5       5       1       6       6   \n",
       "1          8  ...       1       5       3       1       1       5       5   \n",
       "2          0  ...       6       6       9       4       8       3       7   \n",
       "3          1  ...       9       4       9       4       7       3       8   \n",
       "4          0  ...       9       7       8       3       6       5       7   \n",
       "...      ...  ...     ...     ...     ...     ...     ...     ...     ...   \n",
       "1195       7  ...       2       3       2       8       2       7       5   \n",
       "1196       0  ...       9       6       5       2       7       2       8   \n",
       "1197       2  ...       2       4       5       4       3       6       7   \n",
       "1198       8  ...       1       5       4       2       4       4       8   \n",
       "1199       3  ...       8       5       7       2       7       7       9   \n",
       "\n",
       "        Salt  Scented   Salza  \n",
       "0          3        2       2  \n",
       "1          5        0       3  \n",
       "2          5        5       5  \n",
       "3          4        8       3  \n",
       "4          1        3       3  \n",
       "...      ...      ...     ...  \n",
       "1195       4        6       3  \n",
       "1196       5        6       5  \n",
       "1197       4        5       3  \n",
       "1198       8        1       4  \n",
       "1199       4        5       5  \n",
       "\n",
       "[1200 rows x 21 columns]"
      ]
     },
     "execution_count": 3,
     "metadata": {},
     "output_type": "execute_result"
    }
   ],
   "source": [
    "csv"
   ]
  },
  {
   "cell_type": "markdown",
   "id": "e92845c7-dac8-44a8-ada7-bbd553bb4a47",
   "metadata": {},
   "source": [
    "## Feature selection and rejection using cross-correlation\n",
    "---"
   ]
  },
  {
   "cell_type": "code",
   "execution_count": 4,
   "id": "de26e97a-7a35-4f43-ae25-3df62e3df7e4",
   "metadata": {},
   "outputs": [],
   "source": [
    "# Remove the ID column and store the agglomeration data in a numpy array for computations.\n",
    "data = csv.drop(columns='ID').to_numpy()"
   ]
  },
  {
   "cell_type": "code",
   "execution_count": 5,
   "id": "757b6fe1-3240-4303-b78b-8611b5566622",
   "metadata": {},
   "outputs": [],
   "source": [
    "# Calculate the cross-correlation matrix for our data.\n",
    "cross_correlation = csv.drop(columns='ID').corr()"
   ]
  },
  {
   "cell_type": "code",
   "execution_count": 6,
   "id": "166a758a-3d2d-4b62-8294-f9dd7c4dd20c",
   "metadata": {},
   "outputs": [
    {
     "data": {
      "text/html": [
       "<div>\n",
       "<style scoped>\n",
       "    .dataframe tbody tr th:only-of-type {\n",
       "        vertical-align: middle;\n",
       "    }\n",
       "\n",
       "    .dataframe tbody tr th {\n",
       "        vertical-align: top;\n",
       "    }\n",
       "\n",
       "    .dataframe thead th {\n",
       "        text-align: right;\n",
       "    }\n",
       "</style>\n",
       "<table border=\"1\" class=\"dataframe\">\n",
       "  <thead>\n",
       "    <tr style=\"text-align: right;\">\n",
       "      <th></th>\n",
       "      <th>Milk</th>\n",
       "      <th>ChildBby</th>\n",
       "      <th>Vegges</th>\n",
       "      <th>Cereal</th>\n",
       "      <th>Bread</th>\n",
       "      <th>Rice</th>\n",
       "      <th>Meat</th>\n",
       "      <th>Eggs</th>\n",
       "      <th>YogChs</th>\n",
       "      <th>Chips</th>\n",
       "      <th>Soda</th>\n",
       "      <th>Fruit</th>\n",
       "      <th>Corn</th>\n",
       "      <th>Fish</th>\n",
       "      <th>Sauce</th>\n",
       "      <th>Beans</th>\n",
       "      <th>Tortya</th>\n",
       "      <th>Salt</th>\n",
       "      <th>Scented</th>\n",
       "      <th>Salza</th>\n",
       "    </tr>\n",
       "  </thead>\n",
       "  <tbody>\n",
       "    <tr>\n",
       "      <th>Milk</th>\n",
       "      <td>1.000000</td>\n",
       "      <td>0.724912</td>\n",
       "      <td>0.596655</td>\n",
       "      <td>0.012550</td>\n",
       "      <td>0.567789</td>\n",
       "      <td>0.114213</td>\n",
       "      <td>0.042032</td>\n",
       "      <td>0.005595</td>\n",
       "      <td>0.389736</td>\n",
       "      <td>-0.645840</td>\n",
       "      <td>-0.587896</td>\n",
       "      <td>-0.010385</td>\n",
       "      <td>-0.413156</td>\n",
       "      <td>-0.012976</td>\n",
       "      <td>-0.572722</td>\n",
       "      <td>-0.002528</td>\n",
       "      <td>-0.770248</td>\n",
       "      <td>-0.021322</td>\n",
       "      <td>0.005485</td>\n",
       "      <td>-0.558272</td>\n",
       "    </tr>\n",
       "    <tr>\n",
       "      <th>ChildBby</th>\n",
       "      <td>0.724912</td>\n",
       "      <td>1.000000</td>\n",
       "      <td>0.606057</td>\n",
       "      <td>-0.056379</td>\n",
       "      <td>0.273316</td>\n",
       "      <td>0.192455</td>\n",
       "      <td>-0.082229</td>\n",
       "      <td>-0.035054</td>\n",
       "      <td>0.493624</td>\n",
       "      <td>-0.759637</td>\n",
       "      <td>-0.575480</td>\n",
       "      <td>-0.004554</td>\n",
       "      <td>-0.449085</td>\n",
       "      <td>-0.215120</td>\n",
       "      <td>-0.548162</td>\n",
       "      <td>0.003829</td>\n",
       "      <td>-0.630203</td>\n",
       "      <td>-0.005174</td>\n",
       "      <td>-0.228831</td>\n",
       "      <td>-0.473043</td>\n",
       "    </tr>\n",
       "    <tr>\n",
       "      <th>Vegges</th>\n",
       "      <td>0.596655</td>\n",
       "      <td>0.606057</td>\n",
       "      <td>1.000000</td>\n",
       "      <td>-0.308489</td>\n",
       "      <td>0.120774</td>\n",
       "      <td>0.235282</td>\n",
       "      <td>-0.429646</td>\n",
       "      <td>-0.012470</td>\n",
       "      <td>0.756416</td>\n",
       "      <td>-0.693511</td>\n",
       "      <td>-0.828185</td>\n",
       "      <td>0.028170</td>\n",
       "      <td>-0.643436</td>\n",
       "      <td>0.053057</td>\n",
       "      <td>-0.614205</td>\n",
       "      <td>0.032800</td>\n",
       "      <td>-0.342661</td>\n",
       "      <td>-0.007213</td>\n",
       "      <td>-0.416476</td>\n",
       "      <td>-0.612245</td>\n",
       "    </tr>\n",
       "    <tr>\n",
       "      <th>Cereal</th>\n",
       "      <td>0.012550</td>\n",
       "      <td>-0.056379</td>\n",
       "      <td>-0.308489</td>\n",
       "      <td>1.000000</td>\n",
       "      <td>0.283175</td>\n",
       "      <td>-0.136555</td>\n",
       "      <td>0.382501</td>\n",
       "      <td>0.039475</td>\n",
       "      <td>-0.398330</td>\n",
       "      <td>0.191365</td>\n",
       "      <td>0.333111</td>\n",
       "      <td>0.019417</td>\n",
       "      <td>0.295761</td>\n",
       "      <td>-0.085436</td>\n",
       "      <td>0.163354</td>\n",
       "      <td>-0.026094</td>\n",
       "      <td>-0.186405</td>\n",
       "      <td>0.015747</td>\n",
       "      <td>0.369454</td>\n",
       "      <td>0.165322</td>\n",
       "    </tr>\n",
       "    <tr>\n",
       "      <th>Bread</th>\n",
       "      <td>0.567789</td>\n",
       "      <td>0.273316</td>\n",
       "      <td>0.120774</td>\n",
       "      <td>0.283175</td>\n",
       "      <td>1.000000</td>\n",
       "      <td>-0.098644</td>\n",
       "      <td>0.409288</td>\n",
       "      <td>0.032940</td>\n",
       "      <td>-0.123281</td>\n",
       "      <td>-0.035798</td>\n",
       "      <td>-0.178201</td>\n",
       "      <td>-0.024026</td>\n",
       "      <td>-0.037396</td>\n",
       "      <td>0.243682</td>\n",
       "      <td>-0.331484</td>\n",
       "      <td>0.011199</td>\n",
       "      <td>-0.677796</td>\n",
       "      <td>-0.019871</td>\n",
       "      <td>0.527960</td>\n",
       "      <td>-0.378654</td>\n",
       "    </tr>\n",
       "    <tr>\n",
       "      <th>Rice</th>\n",
       "      <td>0.114213</td>\n",
       "      <td>0.192455</td>\n",
       "      <td>0.235282</td>\n",
       "      <td>-0.136555</td>\n",
       "      <td>-0.098644</td>\n",
       "      <td>1.000000</td>\n",
       "      <td>-0.175254</td>\n",
       "      <td>-0.011825</td>\n",
       "      <td>0.245934</td>\n",
       "      <td>-0.259028</td>\n",
       "      <td>-0.227061</td>\n",
       "      <td>-0.004895</td>\n",
       "      <td>-0.179102</td>\n",
       "      <td>-0.084474</td>\n",
       "      <td>-0.158963</td>\n",
       "      <td>0.006464</td>\n",
       "      <td>-0.049994</td>\n",
       "      <td>0.010589</td>\n",
       "      <td>-0.252247</td>\n",
       "      <td>-0.117025</td>\n",
       "    </tr>\n",
       "    <tr>\n",
       "      <th>Meat</th>\n",
       "      <td>0.042032</td>\n",
       "      <td>-0.082229</td>\n",
       "      <td>-0.429646</td>\n",
       "      <td>0.382501</td>\n",
       "      <td>0.409288</td>\n",
       "      <td>-0.175254</td>\n",
       "      <td>1.000000</td>\n",
       "      <td>0.022824</td>\n",
       "      <td>-0.541978</td>\n",
       "      <td>0.281230</td>\n",
       "      <td>0.422515</td>\n",
       "      <td>-0.012998</td>\n",
       "      <td>0.367263</td>\n",
       "      <td>-0.037225</td>\n",
       "      <td>0.185179</td>\n",
       "      <td>-0.013167</td>\n",
       "      <td>-0.291535</td>\n",
       "      <td>-0.013418</td>\n",
       "      <td>0.537521</td>\n",
       "      <td>0.171064</td>\n",
       "    </tr>\n",
       "    <tr>\n",
       "      <th>Eggs</th>\n",
       "      <td>0.005595</td>\n",
       "      <td>-0.035054</td>\n",
       "      <td>-0.012470</td>\n",
       "      <td>0.039475</td>\n",
       "      <td>0.032940</td>\n",
       "      <td>-0.011825</td>\n",
       "      <td>0.022824</td>\n",
       "      <td>1.000000</td>\n",
       "      <td>-0.050303</td>\n",
       "      <td>0.009171</td>\n",
       "      <td>0.045787</td>\n",
       "      <td>0.031372</td>\n",
       "      <td>0.019362</td>\n",
       "      <td>-0.035910</td>\n",
       "      <td>0.025142</td>\n",
       "      <td>-0.019794</td>\n",
       "      <td>-0.026907</td>\n",
       "      <td>-0.019447</td>\n",
       "      <td>0.036162</td>\n",
       "      <td>0.006841</td>\n",
       "    </tr>\n",
       "    <tr>\n",
       "      <th>YogChs</th>\n",
       "      <td>0.389736</td>\n",
       "      <td>0.493624</td>\n",
       "      <td>0.756416</td>\n",
       "      <td>-0.398330</td>\n",
       "      <td>-0.123281</td>\n",
       "      <td>0.245934</td>\n",
       "      <td>-0.541978</td>\n",
       "      <td>-0.050303</td>\n",
       "      <td>1.000000</td>\n",
       "      <td>-0.619593</td>\n",
       "      <td>-0.771100</td>\n",
       "      <td>0.014094</td>\n",
       "      <td>-0.618044</td>\n",
       "      <td>0.042580</td>\n",
       "      <td>-0.510828</td>\n",
       "      <td>0.048966</td>\n",
       "      <td>-0.107419</td>\n",
       "      <td>0.015329</td>\n",
       "      <td>-0.552168</td>\n",
       "      <td>-0.548495</td>\n",
       "    </tr>\n",
       "    <tr>\n",
       "      <th>Chips</th>\n",
       "      <td>-0.645840</td>\n",
       "      <td>-0.759637</td>\n",
       "      <td>-0.693511</td>\n",
       "      <td>0.191365</td>\n",
       "      <td>-0.035798</td>\n",
       "      <td>-0.259028</td>\n",
       "      <td>0.281230</td>\n",
       "      <td>0.009171</td>\n",
       "      <td>-0.619593</td>\n",
       "      <td>1.000000</td>\n",
       "      <td>0.644771</td>\n",
       "      <td>-0.016462</td>\n",
       "      <td>0.521243</td>\n",
       "      <td>0.278228</td>\n",
       "      <td>0.519824</td>\n",
       "      <td>-0.013814</td>\n",
       "      <td>0.489518</td>\n",
       "      <td>0.019686</td>\n",
       "      <td>0.447935</td>\n",
       "      <td>0.411926</td>\n",
       "    </tr>\n",
       "    <tr>\n",
       "      <th>Soda</th>\n",
       "      <td>-0.587896</td>\n",
       "      <td>-0.575480</td>\n",
       "      <td>-0.828185</td>\n",
       "      <td>0.333111</td>\n",
       "      <td>-0.178201</td>\n",
       "      <td>-0.227061</td>\n",
       "      <td>0.422515</td>\n",
       "      <td>0.045787</td>\n",
       "      <td>-0.771100</td>\n",
       "      <td>0.644771</td>\n",
       "      <td>1.000000</td>\n",
       "      <td>0.001837</td>\n",
       "      <td>0.661390</td>\n",
       "      <td>-0.147325</td>\n",
       "      <td>0.648934</td>\n",
       "      <td>-0.056282</td>\n",
       "      <td>0.327742</td>\n",
       "      <td>0.019777</td>\n",
       "      <td>0.388211</td>\n",
       "      <td>0.673630</td>\n",
       "    </tr>\n",
       "    <tr>\n",
       "      <th>Fruit</th>\n",
       "      <td>-0.010385</td>\n",
       "      <td>-0.004554</td>\n",
       "      <td>0.028170</td>\n",
       "      <td>0.019417</td>\n",
       "      <td>-0.024026</td>\n",
       "      <td>-0.004895</td>\n",
       "      <td>-0.012998</td>\n",
       "      <td>0.031372</td>\n",
       "      <td>0.014094</td>\n",
       "      <td>-0.016462</td>\n",
       "      <td>0.001837</td>\n",
       "      <td>1.000000</td>\n",
       "      <td>0.002307</td>\n",
       "      <td>-0.030488</td>\n",
       "      <td>0.004399</td>\n",
       "      <td>0.022441</td>\n",
       "      <td>0.020191</td>\n",
       "      <td>0.001152</td>\n",
       "      <td>-0.005848</td>\n",
       "      <td>0.027280</td>\n",
       "    </tr>\n",
       "    <tr>\n",
       "      <th>Corn</th>\n",
       "      <td>-0.413156</td>\n",
       "      <td>-0.449085</td>\n",
       "      <td>-0.643436</td>\n",
       "      <td>0.295761</td>\n",
       "      <td>-0.037396</td>\n",
       "      <td>-0.179102</td>\n",
       "      <td>0.367263</td>\n",
       "      <td>0.019362</td>\n",
       "      <td>-0.618044</td>\n",
       "      <td>0.521243</td>\n",
       "      <td>0.661390</td>\n",
       "      <td>0.002307</td>\n",
       "      <td>1.000000</td>\n",
       "      <td>-0.066939</td>\n",
       "      <td>0.506868</td>\n",
       "      <td>-0.031624</td>\n",
       "      <td>0.178686</td>\n",
       "      <td>0.018058</td>\n",
       "      <td>0.360141</td>\n",
       "      <td>0.477853</td>\n",
       "    </tr>\n",
       "    <tr>\n",
       "      <th>Fish</th>\n",
       "      <td>-0.012976</td>\n",
       "      <td>-0.215120</td>\n",
       "      <td>0.053057</td>\n",
       "      <td>-0.085436</td>\n",
       "      <td>0.243682</td>\n",
       "      <td>-0.084474</td>\n",
       "      <td>-0.037225</td>\n",
       "      <td>-0.035910</td>\n",
       "      <td>0.042580</td>\n",
       "      <td>0.278228</td>\n",
       "      <td>-0.147325</td>\n",
       "      <td>-0.030488</td>\n",
       "      <td>-0.066939</td>\n",
       "      <td>1.000000</td>\n",
       "      <td>-0.100911</td>\n",
       "      <td>0.036711</td>\n",
       "      <td>0.095899</td>\n",
       "      <td>-0.007844</td>\n",
       "      <td>0.180976</td>\n",
       "      <td>-0.230135</td>\n",
       "    </tr>\n",
       "    <tr>\n",
       "      <th>Sauce</th>\n",
       "      <td>-0.572722</td>\n",
       "      <td>-0.548162</td>\n",
       "      <td>-0.614205</td>\n",
       "      <td>0.163354</td>\n",
       "      <td>-0.331484</td>\n",
       "      <td>-0.158963</td>\n",
       "      <td>0.185179</td>\n",
       "      <td>0.025142</td>\n",
       "      <td>-0.510828</td>\n",
       "      <td>0.519824</td>\n",
       "      <td>0.648934</td>\n",
       "      <td>0.004399</td>\n",
       "      <td>0.506868</td>\n",
       "      <td>-0.100911</td>\n",
       "      <td>1.000000</td>\n",
       "      <td>-0.024026</td>\n",
       "      <td>0.447293</td>\n",
       "      <td>0.001435</td>\n",
       "      <td>0.167145</td>\n",
       "      <td>0.551756</td>\n",
       "    </tr>\n",
       "    <tr>\n",
       "      <th>Beans</th>\n",
       "      <td>-0.002528</td>\n",
       "      <td>0.003829</td>\n",
       "      <td>0.032800</td>\n",
       "      <td>-0.026094</td>\n",
       "      <td>0.011199</td>\n",
       "      <td>0.006464</td>\n",
       "      <td>-0.013167</td>\n",
       "      <td>-0.019794</td>\n",
       "      <td>0.048966</td>\n",
       "      <td>-0.013814</td>\n",
       "      <td>-0.056282</td>\n",
       "      <td>0.022441</td>\n",
       "      <td>-0.031624</td>\n",
       "      <td>0.036711</td>\n",
       "      <td>-0.024026</td>\n",
       "      <td>1.000000</td>\n",
       "      <td>-0.018109</td>\n",
       "      <td>-0.014627</td>\n",
       "      <td>-0.015287</td>\n",
       "      <td>-0.050425</td>\n",
       "    </tr>\n",
       "    <tr>\n",
       "      <th>Tortya</th>\n",
       "      <td>-0.770248</td>\n",
       "      <td>-0.630203</td>\n",
       "      <td>-0.342661</td>\n",
       "      <td>-0.186405</td>\n",
       "      <td>-0.677796</td>\n",
       "      <td>-0.049994</td>\n",
       "      <td>-0.291535</td>\n",
       "      <td>-0.026907</td>\n",
       "      <td>-0.107419</td>\n",
       "      <td>0.489518</td>\n",
       "      <td>0.327742</td>\n",
       "      <td>0.020191</td>\n",
       "      <td>0.178686</td>\n",
       "      <td>0.095899</td>\n",
       "      <td>0.447293</td>\n",
       "      <td>-0.018109</td>\n",
       "      <td>1.000000</td>\n",
       "      <td>0.021521</td>\n",
       "      <td>-0.233962</td>\n",
       "      <td>0.398242</td>\n",
       "    </tr>\n",
       "    <tr>\n",
       "      <th>Salt</th>\n",
       "      <td>-0.021322</td>\n",
       "      <td>-0.005174</td>\n",
       "      <td>-0.007213</td>\n",
       "      <td>0.015747</td>\n",
       "      <td>-0.019871</td>\n",
       "      <td>0.010589</td>\n",
       "      <td>-0.013418</td>\n",
       "      <td>-0.019447</td>\n",
       "      <td>0.015329</td>\n",
       "      <td>0.019686</td>\n",
       "      <td>0.019777</td>\n",
       "      <td>0.001152</td>\n",
       "      <td>0.018058</td>\n",
       "      <td>-0.007844</td>\n",
       "      <td>0.001435</td>\n",
       "      <td>-0.014627</td>\n",
       "      <td>0.021521</td>\n",
       "      <td>1.000000</td>\n",
       "      <td>-0.000963</td>\n",
       "      <td>-0.010972</td>\n",
       "    </tr>\n",
       "    <tr>\n",
       "      <th>Scented</th>\n",
       "      <td>0.005485</td>\n",
       "      <td>-0.228831</td>\n",
       "      <td>-0.416476</td>\n",
       "      <td>0.369454</td>\n",
       "      <td>0.527960</td>\n",
       "      <td>-0.252247</td>\n",
       "      <td>0.537521</td>\n",
       "      <td>0.036162</td>\n",
       "      <td>-0.552168</td>\n",
       "      <td>0.447935</td>\n",
       "      <td>0.388211</td>\n",
       "      <td>-0.005848</td>\n",
       "      <td>0.360141</td>\n",
       "      <td>0.180976</td>\n",
       "      <td>0.167145</td>\n",
       "      <td>-0.015287</td>\n",
       "      <td>-0.233962</td>\n",
       "      <td>-0.000963</td>\n",
       "      <td>1.000000</td>\n",
       "      <td>0.094303</td>\n",
       "    </tr>\n",
       "    <tr>\n",
       "      <th>Salza</th>\n",
       "      <td>-0.558272</td>\n",
       "      <td>-0.473043</td>\n",
       "      <td>-0.612245</td>\n",
       "      <td>0.165322</td>\n",
       "      <td>-0.378654</td>\n",
       "      <td>-0.117025</td>\n",
       "      <td>0.171064</td>\n",
       "      <td>0.006841</td>\n",
       "      <td>-0.548495</td>\n",
       "      <td>0.411926</td>\n",
       "      <td>0.673630</td>\n",
       "      <td>0.027280</td>\n",
       "      <td>0.477853</td>\n",
       "      <td>-0.230135</td>\n",
       "      <td>0.551756</td>\n",
       "      <td>-0.050425</td>\n",
       "      <td>0.398242</td>\n",
       "      <td>-0.010972</td>\n",
       "      <td>0.094303</td>\n",
       "      <td>1.000000</td>\n",
       "    </tr>\n",
       "  </tbody>\n",
       "</table>\n",
       "</div>"
      ],
      "text/plain": [
       "              Milk  ChildBby    Vegges    Cereal     Bread      Rice  \\\n",
       "  Milk    1.000000  0.724912  0.596655  0.012550  0.567789  0.114213   \n",
       "ChildBby  0.724912  1.000000  0.606057 -0.056379  0.273316  0.192455   \n",
       "Vegges    0.596655  0.606057  1.000000 -0.308489  0.120774  0.235282   \n",
       "Cereal    0.012550 -0.056379 -0.308489  1.000000  0.283175 -0.136555   \n",
       " Bread    0.567789  0.273316  0.120774  0.283175  1.000000 -0.098644   \n",
       "  Rice    0.114213  0.192455  0.235282 -0.136555 -0.098644  1.000000   \n",
       "  Meat    0.042032 -0.082229 -0.429646  0.382501  0.409288 -0.175254   \n",
       "  Eggs    0.005595 -0.035054 -0.012470  0.039475  0.032940 -0.011825   \n",
       "YogChs    0.389736  0.493624  0.756416 -0.398330 -0.123281  0.245934   \n",
       " Chips   -0.645840 -0.759637 -0.693511  0.191365 -0.035798 -0.259028   \n",
       "  Soda   -0.587896 -0.575480 -0.828185  0.333111 -0.178201 -0.227061   \n",
       " Fruit   -0.010385 -0.004554  0.028170  0.019417 -0.024026 -0.004895   \n",
       "  Corn   -0.413156 -0.449085 -0.643436  0.295761 -0.037396 -0.179102   \n",
       "  Fish   -0.012976 -0.215120  0.053057 -0.085436  0.243682 -0.084474   \n",
       " Sauce   -0.572722 -0.548162 -0.614205  0.163354 -0.331484 -0.158963   \n",
       " Beans   -0.002528  0.003829  0.032800 -0.026094  0.011199  0.006464   \n",
       "Tortya   -0.770248 -0.630203 -0.342661 -0.186405 -0.677796 -0.049994   \n",
       "  Salt   -0.021322 -0.005174 -0.007213  0.015747 -0.019871  0.010589   \n",
       "Scented   0.005485 -0.228831 -0.416476  0.369454  0.527960 -0.252247   \n",
       " Salza   -0.558272 -0.473043 -0.612245  0.165322 -0.378654 -0.117025   \n",
       "\n",
       "              Meat      Eggs    YogChs     Chips      Soda     Fruit  \\\n",
       "  Milk    0.042032  0.005595  0.389736 -0.645840 -0.587896 -0.010385   \n",
       "ChildBby -0.082229 -0.035054  0.493624 -0.759637 -0.575480 -0.004554   \n",
       "Vegges   -0.429646 -0.012470  0.756416 -0.693511 -0.828185  0.028170   \n",
       "Cereal    0.382501  0.039475 -0.398330  0.191365  0.333111  0.019417   \n",
       " Bread    0.409288  0.032940 -0.123281 -0.035798 -0.178201 -0.024026   \n",
       "  Rice   -0.175254 -0.011825  0.245934 -0.259028 -0.227061 -0.004895   \n",
       "  Meat    1.000000  0.022824 -0.541978  0.281230  0.422515 -0.012998   \n",
       "  Eggs    0.022824  1.000000 -0.050303  0.009171  0.045787  0.031372   \n",
       "YogChs   -0.541978 -0.050303  1.000000 -0.619593 -0.771100  0.014094   \n",
       " Chips    0.281230  0.009171 -0.619593  1.000000  0.644771 -0.016462   \n",
       "  Soda    0.422515  0.045787 -0.771100  0.644771  1.000000  0.001837   \n",
       " Fruit   -0.012998  0.031372  0.014094 -0.016462  0.001837  1.000000   \n",
       "  Corn    0.367263  0.019362 -0.618044  0.521243  0.661390  0.002307   \n",
       "  Fish   -0.037225 -0.035910  0.042580  0.278228 -0.147325 -0.030488   \n",
       " Sauce    0.185179  0.025142 -0.510828  0.519824  0.648934  0.004399   \n",
       " Beans   -0.013167 -0.019794  0.048966 -0.013814 -0.056282  0.022441   \n",
       "Tortya   -0.291535 -0.026907 -0.107419  0.489518  0.327742  0.020191   \n",
       "  Salt   -0.013418 -0.019447  0.015329  0.019686  0.019777  0.001152   \n",
       "Scented   0.537521  0.036162 -0.552168  0.447935  0.388211 -0.005848   \n",
       " Salza    0.171064  0.006841 -0.548495  0.411926  0.673630  0.027280   \n",
       "\n",
       "              Corn      Fish     Sauce     Beans    Tortya      Salt  \\\n",
       "  Milk   -0.413156 -0.012976 -0.572722 -0.002528 -0.770248 -0.021322   \n",
       "ChildBby -0.449085 -0.215120 -0.548162  0.003829 -0.630203 -0.005174   \n",
       "Vegges   -0.643436  0.053057 -0.614205  0.032800 -0.342661 -0.007213   \n",
       "Cereal    0.295761 -0.085436  0.163354 -0.026094 -0.186405  0.015747   \n",
       " Bread   -0.037396  0.243682 -0.331484  0.011199 -0.677796 -0.019871   \n",
       "  Rice   -0.179102 -0.084474 -0.158963  0.006464 -0.049994  0.010589   \n",
       "  Meat    0.367263 -0.037225  0.185179 -0.013167 -0.291535 -0.013418   \n",
       "  Eggs    0.019362 -0.035910  0.025142 -0.019794 -0.026907 -0.019447   \n",
       "YogChs   -0.618044  0.042580 -0.510828  0.048966 -0.107419  0.015329   \n",
       " Chips    0.521243  0.278228  0.519824 -0.013814  0.489518  0.019686   \n",
       "  Soda    0.661390 -0.147325  0.648934 -0.056282  0.327742  0.019777   \n",
       " Fruit    0.002307 -0.030488  0.004399  0.022441  0.020191  0.001152   \n",
       "  Corn    1.000000 -0.066939  0.506868 -0.031624  0.178686  0.018058   \n",
       "  Fish   -0.066939  1.000000 -0.100911  0.036711  0.095899 -0.007844   \n",
       " Sauce    0.506868 -0.100911  1.000000 -0.024026  0.447293  0.001435   \n",
       " Beans   -0.031624  0.036711 -0.024026  1.000000 -0.018109 -0.014627   \n",
       "Tortya    0.178686  0.095899  0.447293 -0.018109  1.000000  0.021521   \n",
       "  Salt    0.018058 -0.007844  0.001435 -0.014627  0.021521  1.000000   \n",
       "Scented   0.360141  0.180976  0.167145 -0.015287 -0.233962 -0.000963   \n",
       " Salza    0.477853 -0.230135  0.551756 -0.050425  0.398242 -0.010972   \n",
       "\n",
       "           Scented     Salza  \n",
       "  Milk    0.005485 -0.558272  \n",
       "ChildBby -0.228831 -0.473043  \n",
       "Vegges   -0.416476 -0.612245  \n",
       "Cereal    0.369454  0.165322  \n",
       " Bread    0.527960 -0.378654  \n",
       "  Rice   -0.252247 -0.117025  \n",
       "  Meat    0.537521  0.171064  \n",
       "  Eggs    0.036162  0.006841  \n",
       "YogChs   -0.552168 -0.548495  \n",
       " Chips    0.447935  0.411926  \n",
       "  Soda    0.388211  0.673630  \n",
       " Fruit   -0.005848  0.027280  \n",
       "  Corn    0.360141  0.477853  \n",
       "  Fish    0.180976 -0.230135  \n",
       " Sauce    0.167145  0.551756  \n",
       " Beans   -0.015287 -0.050425  \n",
       "Tortya   -0.233962  0.398242  \n",
       "  Salt   -0.000963 -0.010972  \n",
       "Scented   1.000000  0.094303  \n",
       " Salza    0.094303  1.000000  "
      ]
     },
     "execution_count": 6,
     "metadata": {},
     "output_type": "execute_result"
    }
   ],
   "source": [
    "cross_correlation"
   ]
  },
  {
   "cell_type": "markdown",
   "id": "67934bbe-d462-4114-a209-5fdb5d13f001",
   "metadata": {},
   "source": [
    "### Which two attributes are most strongly cross-correlated with each other?"
   ]
  },
  {
   "cell_type": "code",
   "execution_count": 7,
   "id": "42163dc0-f027-40f7-ab3d-c1bfc9c0383c",
   "metadata": {},
   "outputs": [],
   "source": [
    "# Remove the diagonal and lower triangle parts of the correlation matrix:\n",
    "columns = csv.drop(columns='ID').columns\n",
    "dropped_labels = set()\n",
    "for index_i, column_i in enumerate(columns):\n",
    "    for index_j, column_j in enumerate(columns[:index_i+1]):\n",
    "        dropped_labels.add( (column_i, column_j) )"
   ]
  },
  {
   "cell_type": "code",
   "execution_count": 8,
   "id": "4fb7e747-eeed-4241-a18b-3d33fcf6cbcb",
   "metadata": {},
   "outputs": [
    {
     "name": "stdout",
     "output_type": "stream",
     "text": [
      "Most strongly cross-correlated:\n",
      " Vegges    Soda    0.828185\n",
      "dtype: float64\n"
     ]
    }
   ],
   "source": [
    "# Sort by absolute cross correlation:\n",
    "sorted_absolute_cross_correlations = cross_correlation.abs().unstack().drop( labels = dropped_labels ).sort_values(ascending=False)\n",
    "print('Most strongly cross-correlated:\\n',sorted_absolute_cross_correlations[:1])"
   ]
  },
  {
   "cell_type": "code",
   "execution_count": 9,
   "id": "757ef72d-07ef-49dd-865b-6446b680df2d",
   "metadata": {},
   "outputs": [
    {
     "name": "stdout",
     "output_type": "stream",
     "text": [
      "Veggies/Soda cross-correlation: -0.8281846843848794\n"
     ]
    }
   ],
   "source": [
    "print('Veggies/Soda cross-correlation:',cross_correlation['Vegges']['  Soda'])"
   ]
  },
  {
   "cell_type": "markdown",
   "id": "3e188493-a316-4d1d-b25e-4aec50cd82df",
   "metadata": {},
   "source": [
    "> Veggies and Soda are most strongly cross-correlated (negatively)."
   ]
  },
  {
   "cell_type": "markdown",
   "id": "9104257e-403b-4921-ba69-740855cfb16f",
   "metadata": {
    "tags": []
   },
   "source": [
    "###  What is the cross-correlation coefficient of Chips with cereal?"
   ]
  },
  {
   "cell_type": "code",
   "execution_count": 10,
   "id": "1c307f42-22e8-498a-bcb9-17e2cfd847b0",
   "metadata": {},
   "outputs": [
    {
